# Created by Octave 3.8.1, Sun Dec 06 15:07:50 2015 CET <joren@joren-U31F>
# name: freq
# type: matrix
# rows: 26
# columns: 1
 0.08167000000000001
 0.01492
 0.02782
 0.04253
 0.12702
 0.02228
 0.02015
 0.06094
 0.06966
 0.00153
 0.00772
 0.04025
 0.02406
 0.06748999999999999
 0.07507
 0.01929
 0.00095
 0.05987
 0.06327000000000001
 0.09056
 0.02758
 0.00978
 0.0236
 0.0015
 0.01974
 0.00074


