  freq =  [
	   8.1670e-02,
	   1.4920e-02,
	   2.7820e-02,
	   4.2530e-02,
	   1.2702e-01,
	   2.2280e-02,
	   2.0150e-02,
	   6.0940e-02,
	   6.9660e-02,
	   1.5300e-03,
	   7.7200e-03,
	   4.0250e-02,
	   2.4060e-02,
	   6.7490e-02,
	   7.5070e-02,
	   1.9290e-02,
	   9.5000e-04,
	   5.9870e-02,
	   6.3270e-02,
	   9.0560e-02,
	   2.7580e-02,
	   9.7800e-03,
	   2.3600e-02,
	   1.5000e-03,
	   1.9740e-02,
	   7.4000e-04
  ];
